0 0.51640625 0.3953125 0.04375 0.0765625
0 0.578125 0.41171875 0.046875 0.1140625
0 0.64140625 0.41328125 0.05 0.1265625
0 0.73671875 0.56796875 0.053125 0.1
0 0.7796875 0.5734375 0.0609375 0.1
0 0.69296875 0.5765625 0.059375 0.096875
0 0.54140625 0.5796875 0.0640625 0.1375
0 0.71640625 0.58203125 0.090625 0.1265625
0 0.7 0.61171875 0.059375 0.1671875
0 0.63671875 0.61328125 0.0703125 0.15
0 0.7796875 0.61484375 0.0671875 0.1875
0 0.48984375 0.61796875 0.0640625 0.190625
0 0.55 0.63515625 0.0734375 0.215625
0 0.73984375 0.65703125 0.0796875 0.09375
0 0.55859375 0.6765625 0.0671875 0.1734375
0 0.8234375 0.68984375 0.0859375 0.1265625
0 0.5984375 0.7296875 0.0703125 0.184375
0 0.6 0.73359375 0.0640625 0.1609375
0 0.903125 0.8203125 0.103125 0.1078125
0 0.7734375 0.846875 0.0765625 0.2234375