0 0.66640625 0.10859375 0.3109375 0.2171875
0 0.103125 0.16953125 0.20625 0.3390625
0 0.75859375 0.175 0.4703125 0.35
0 0.88515625 0.3265625 0.2296875 0.653125
0 0.525 0.03515625 0.1078125 0.0703125
0 0.30859375 0.3984375 0.3265625 0.240625
0 0.11171875 0.403125 0.2203125 0.80625
0 0.4015625 0.4296875 0.534375 0.3234375
0 0.48203125 0.0453125 0.1671875 0.090625
0 0.16328125 0.06328125 0.1109375 0.1265625
0 0.61796875 0.06796875 0.2265625 0.1359375
0 0.9734375 0.7078125 0.053125 0.584375
0 0.33203125 0.071875 0.296875 0.140625
0 0.221875 0.071875 0.2140625 0.140625
0 0.4046875 0.80703125 0.6140625 0.384375