0 0.76328125 0.38203125 0.0125 0.04375
0 0.68203125 0.39140625 0.0109375 0.0578125
0 0.6046875 0.4046875 0.0234375 0.090625
0 0.63828125 0.4046875 0.0203125 0.103125
0 0.6234375 0.41328125 0.0171875 0.1078125
0 0.66015625 0.41484375 0.0203125 0.0859375
0 0.5796875 0.425 0.0296875 0.140625
0 0.73828125 0.43828125 0.0234375 0.2171875
0 0.471875 0.45 0.0375 0.1859375
0 0.71171875 0.45859375 0.05 0.246875
0 0.49140625 0.46484375 0.046875 0.2234375
0 0.44140625 0.46796875 0.0265625 0.2171875
0 0.53828125 0.4734375 0.0671875 0.2734375
0 0.36484375 0.475 0.0328125 0.2703125
0 0.43671875 0.48359375 0.0609375 0.2609375
0 0.325 0.5015625 0.0734375 0.3109375
0 0.4 0.50703125 0.084375 0.3203125
0 0.225 0.5765625 0.1734375 0.8234375
0 0.15859375 0.603125 0.084375 0.69375
0 0.03828125 0.66015625 0.0765625 0.5796875